1.136090534498277748e+03
1.206857007579915717e+03
1.366342993204057620e+03
9.344997361156866873e+02
1.737054299545079175e+03
2.316356787383037044e+03
1.266147427823096223e+03
3.342424613723857760e+02
3.703719155320333698e+02
4.321519380120731739e+02
1.471757949307141644e+03
5.228833966115391831e+02
6.155276065986925005e+02
6.083635968151435236e+02
5.174567498597530175e+02
5.706042432483573066e+02
2.962947458660634084e+02
7.302180194012499896e+02
3.417728132199138713e+02
3.508340017253511292e+02
2.706819530884028495e+02
1.223738547030641030e+03
1.472215022159968612e+03
8.853584759073612531e+02
4.947964401041620590e+02
1.032630340534283732e+03
1.040000227706890428e+03
5.767364163448086174e+02
6.242233156005605679e+02
5.059200280116072577e+02
6.938601529339097169e+02
7.528698831259382587e+02
7.539040781493142731e+02
6.693787030857617992e+02
3.258649171622650556e+03
7.184017543141559372e+02
4.403015151606800828e+03
1.229707872645259158e+03
2.054614766532271915e+03
1.282632288715934237e+03
5.191308858755428446e+02
7.212588606306416068e+02
5.558107009341764524e+02
9.277588622340780375e+02
7.478086971830173297e+02
1.693649220387340847e+03
9.253703961027063087e+02
3.575092030668321968e+03
2.886469390804816612e+03
4.354524244585814472e+02
6.827975409657577757e+02
8.037124373927148326e+02
1.138374219797106434e+03
1.299279331103673485e+03
3.881027342507755748e+03
1.620825166639241388e+03
2.720267853888488389e+03
6.585128903983425062e+02
9.863764993332949871e+02
1.893863555565746537e+03
8.042277181761501197e+02
1.106581830617428523e+03
1.192232666265338594e+03
3.126505263339315206e+03
9.684317405361349529e+02
6.450873194808257267e+02
1.063353089903452201e+03
4.966694293050067017e+02
6.740736139608841313e+02
1.220777096583059574e+03
7.415229951589999473e+02
3.716420638719631029e+02
1.315816625883713868e+03
1.289554044973386681e+03
1.117795725927256171e+03
7.997071629604972713e+02
6.368954935382662370e+02
8.571908457487620581e+02
1.349901510171054269e+03
5.370887032652057087e+02
4.159935372933321673e+02
2.993058838235901931e+02
4.720942515226600449e+02
5.583186405415651734e+02
5.881252303884191406e+02
5.519187708688807561e+02
1.446753447763719578e+03
7.399490267500792697e+02
1.591221178678312981e+03
5.647096699246739036e+02
3.743016584427047633e+02
6.141135633486782126e+02
5.277080600061540281e+02
4.204032038428320561e+02
1.213823008286711229e+03
2.256394799769732799e+03
1.710178634236090147e+03
1.092975267508203387e+03
1.038717128435936047e+03
1.154664035136845087e+03