1.13849
-1.85391
-0.289407
0.986328
0.483871
0.129368
0.402203
-0.609668
-0.0627155
0.94055
1.99857
-0.366314
-1.05737
-0.924986
-1.51167
1.85629
-0.232459
2.33055
0.163244
2.20493
1.56752
2.54918
2.66839
0.234291
-0.161412
1.41865
-0.137974
1.34925
-1.81491
1.74514
-0.735099
0.376934
0.342326
1.68929
-0.0368969
2.63781
1.2403
-0.706534
-1.06928
-0.257729
0.0771813
-0.555101
-1.31776
1.31776
2.78558
-2.89947
-1.86306
-1.34065
-0.515183
1.29267
-1.00354
1.15552
-1.13465
-0.404401
1.51881
-0.30076
-0.340495
2.04086
-1.211
-1.51277
2.23112
-1.37178
1.62172
1.19654
-2.5631
1.93319
1.30696
1.40638
-0.807611
1.15259
-0.282083
-0.898434
0.95117
0.0141911
-0.150609
-0.50969
0.771538
-1.90555
0.244362
0.555467
1.30311
1.23902
-0.791314
-0.315958
0.710562
0.755608
0.825922
0.324198
-2.10495
1.49373
-0.190527
2.96374
0.806513
0.326762
-1.6155
-0.246742
-1.77206
-2.15311
-1.0777
0.438276
1.31812
0.126988
0.256447
1.93448
-0.14713
0.503098
0.814936
0.0923795
0.860714
-0.69921
-1.82974
-2.68981
-0.203162
-1.31208
1.81252
0.00704978
-2.96612
-0.433882
-0.243263
1.88998
-0.703604
0.637318
-0.74865
0.831782
0.554552
0.721732
1.89767
0.0599689
0.405683
0.818964
-1.41481
-2.66601
-1.59774
1.25404
-1.00134
1.46974
-0.606372
-0.851009
1.07514
-0.233741
-1.2165
-0.50914
0.389019
0.296731
-0.73986
-1.39009
1.93265
-0.00173956
2.06211
-0.381695
-0.161412
0.85229
0.0740684
-1.14362
1.09528
1.37654
-2.90588
1.8746
-0.172948
1.87039
0.194555
0.374004
1.80374
1.08576
-0.299295
2.79858
0.0282907
-2.40983
-1.02863
-0.839106
0.451277
1.59993
-1.35182
2.17014
-1.8757
0.988891
-0.607288
1.66823
0.048616
-1.8909
-0.48442
1.40876
-0.749748
0.0185858
1.84329
1.95224
2.06558
-0.995666
0.722282
-1.62191
-0.496506
-0.925169
-0.58916
-1.81271
-0.588427
1.97696
-1.77297
0.699393
0.0259102
1.46864
-1.4203
1.26612
0.736747
0.525254
-0.31724
0.814386
-0.739677
-1.16138
1.64681
1.06781
0.8034
0.142918
0.95703
0.958312
-2.13022
-0.217994
-1.55397
2.00754
1.46846
-0.295999
-1.05408
-0.268899
-2.42558
0.844783
-1.61934
0.7069
-2.22526
-0.388104
-1.23023
1.99948
0.96527
-1.52559
-0.425092
1.94308
2.39976
1.41975
1.54683
0.872799
-1.95224
-0.758171
1.02149
1.98428
-1.08905
2.50542
1.93832
-2.85992
0.0647298
-2.4948
1.62703
-0.455855
-2.01468
0.505478
-1.26997
0.215979
-1.09308
0.271645
-2.42979
-0.371441
2.0079
-0.742973
0.291238
1.90683
-1.97916
-1.38331
0.300394
-0.109958
0.892575
-1.18061
1.60488
-0.0125431
0.652516
0.220923
-0.1301
0.280435
-1.70852
-1.55123
-0.728324
0.53441
-0.743156
-1.63472
1.40565
1.48402
-0.294351
-0.611316
1.45912
-0.667531
-1.2967
-1.02973
0.009064
-1.70156
-2.27708
-2.67626
0.219642
0.273293
-2.2009
-1.13465
-0.881405
1.74953
0.844783
1.84805
-0.80633
-1.37782
0.473251
0.83874
-2.72314
0.252968
-0.361553
1.14362
-1.22126
-0.92169
-0.823908
-1.00043
0.0301218
2.59441
2.8526
-1.84292
-0.339763
-0.46849
-0.338481
-1.42579
-0.195654
-0.982482
0.563341
1.91104
-1.74404
-1.16779
0.965453
0.135411
-0.907773
0.13303
2.5219
-2.47044
1.37397
-0.973876
0.104282
1.38624
0.867672
0.223121
0.055208
-2.00534
1.28846
1.94162
-1.49135
1.5754
-1.4106
1.41426
-0.649403
2.22343
1.40767
0.474166
-0.436811
-0.00119022
-1.18537
2.86908
-1.66439
-0.164525
-0.197851
1.98556
0.392499
-0.405133
1.94693
0.106845
0.441755
1.1894
0.392132
-0.845149
0.60802
-0.0522782
0.950072
1.07495
1.10718
0.357158
-0.160131
-0.456221
2.58342
-0.454573
0.445051
0.363018
-0.0718711
-0.955931
0.54503
0.894772
1.03357
1.6512
-2.3386
1.56258
-0.27897
-0.459334
-1.89914
-1.3802
-0.998596
0.655263
1.78469
-1.37526
-1.59188
-0.200415
0.412275
0.938353
-1.2978
-1.2663
1.53053
-0.572314
1.81637
-0.139439
1.35347
0.107028
1.8909
1.29505
-0.895322
-0.842402
-1.17054
1.31574
1.36756
1.71456
-0.780694
-1.07111
-0.979736
-1.39723
-0.959777
-1.07019
0.888363
0.435713
0.126621
-1.61019
0.0260933
0.738578
-1.47761
1.25806
-0.969481
-1.43733
1.47176
-0.981933
1.6838
-1.03851
2.57006
-1.27161
-2.30546
-0.166906
-1.6523
-1.15223
0.311014
-0.51738
-0.460433
1.62923
-1.73342
-0.862362
-0.765679
-0.389569
-0.216163
-0.395062
1.48695
0.186132
-0.918943
-0.23191
0.909787
1.08228
-2.26737
-1.60707
-1.74606
0.110508
0.709098
-0.979919
-0.507126
-0.238502
0.0771813
-0.0383618
1.957
1.86563
0.497971
1.54628
0.343059
0.106845
0.342875
-0.763115
0.486984
1.15003
-1.96817
1.33259
-1.61989
1.75631
0.493576
0.580737
1.35017
-0.451094
0.602527
0.564806
0.191809
-2.80004
-0.919309
0.189245
0.91052
-0.960692
-0.350749
0.0473342
-0.778314
-1.18867
0.410443
1.81106
1.88943
-0.928098
0.499435
2.96283
-0.159032
0.0823084
0.352947
-2.37468
-2.30876
-0.243263
0.196753
2.00497
0.626698
0.760735
1.01233
0.964171
0.425459
-0.38609
0.105564
1.80502
-2.70629
0.839656
-1.56789
1.313
0.205725
-0.852657
-0.12479
-0.0995209
1.22565
0.413007
-2.20969
-1.02075
-0.783258
-0.902829
0.655263
-0.415387
-2.47905
-0.217078
0.272195
-1.9526
-0.989074
-1.4203
-0.451094
-2.00516
0.466659
2.64696
-0.77813
-1.6371
2.32688
2.23899
-1.53786
1.85556
0.854305
-0.738762
0.702139
2.50633
0.239784
0.252235
0.898984
-2.6314
-0.0444044
0.22898
0.713675
-0.591723
-0.892209
-0.102268
2.56639
-0.107212
-0.836726
-0.992187
-0.435347
1.01489
1.0354
1.89969
-1.23188
-0.453108
1.55452
1.63051
-0.397809
-2.1597
0.489547
-0.815119
0.076632
0.768792
-0.801935
0.784906
-2.73028
0.07828
-0.615162
-0.379315
-0.428022
0.567003
0.247291
0.466109
-0.185217
-0.356059
0.79461
0.482589
2.00424
0.972961
-1.21192
0.1854
0.114719
0.0989715
0.554186
0.841853
0.605823
-2.0502
0.0237129
1.99582
2.21995
-0.362285
-1.23646
0.191626
0.992737
-1.36464
1.12824
0.82757
0.70397
0.455123
1.85244
-0.0396435
-2.34849
0.188147
-1.4778
-0.100986
-0.859432
1.13739
1.16541
0.548326
0.317606
-0.704886
-0.780145
0.433149
0.5974
0.371258
-1.20624
-0.0145573
1.27729
0.433882
1.50069
1.74093
-0.0119938
2.04984
-1.08649
1.41279
0.0927458
-1.27509
0.0557573
1.87698
-1.04474
-0.665883
-0.112339
0.407514
-1.31336
1.05683
0.0260933
0.697928
0.482772
-1.90609
1.60598
-0.25425
-0.178076
1.25642
-1.12897
0.82812
-1.08448
1.10828
0.707816
0.790033
0.786187
0.823725
0.165807
-0.791681
-1.13062
0.956297
0.799921
-0.469222
-1.85244
0.461715
-0.555284
0.562792
1.31648
1.59572
-0.971496
-0.441939
1.34394
0.671377
-1.95444
1.90115
-2.37559
-0.005768
-0.372539
0.506577
-1.18189
1.03027
-0.272927
-1.1623
-2.12253
0.388836
0.980102
2.1044
1.52138
-0.516831
-0.872433
-0.0645466
0.442305
0.946959
0.170385
0.85522
2.45048
-2.86065
-0.470687
-0.474349
0.0804773
-0.116367
1.11908
0.691702
1.51021
2.14414
0.713492
2.76067
-1.67702
0.792962
1.64809
-0.927732
-0.976989
-0.317789
0.535508
-0.0310373
0.92407
0.462813
2.44737
0.689505
1.41737
0.214698
0.881222
-0.249672
0.259194
2.54936
0.270913
0.773919
1.27271
-0.653432
0.791681
1.52577
0.0954924
2.46257
-0.697012
-0.930479
0.269265
-1.99545
-0.82812
-0.267617
-0.214881
2.29887
0.728507
2.60814
0.785272
0.60271
-0.325297
0.351848
-1.23536
0.442671
-0.170385
0.0691244
-2.13974
-1.10974
2.84399
-0.494491
2.23661
-2.48857
-1.04987
2.41697
0.78106
-0.900266
0.126988
-0.594836
-0.0206
-1.38166
-0.602161
-1.46626
-1.777
-1.11267
-0.612415
-0.0828578
-1.76583
-2.89251
1.15351
1.02826
1.79275
1.57668
0.103366
0.107028
2.71233
0.216712
-0.121494
-1.61074
1.38093
1.69607
-2.43675
-1.64425
-0.220557
0.794977
-1.5135
0.705252
-0.908139
0.355693
-2.00955
-1.03632
-0.845698
0.552538
0.466292
1.83285
-0.359172
0.999695
-1.4355
-1.11048
1.20405
2.12857
0.382611
-1.05188
0.281716
-1.04566
1.69771
-1.12879
1.84823
0.0791955
2.49351
1.01141
-1.25843
-0.424726
-0.958129
0.6245
0.537523
-0.194006
-0.859798
-1.91635
-0.220923
-0.939817
0.544847
-0.655629
-0.0407422
-0.509507
1.06525
0.336833
1.45088
0.428022
-0.0812098
0.681265
-0.474899
-1.36207
-0.16599
-2.10385
2.10532
0.12534
1.30183
0.995483
0.587695
-0.694998
0.455855
1.0127
1.2848
-0.0570391
-0.46794
1.18262
-0.727958
1.4615
2.51457
1.88943
-1.08539
-1.71859
-0.290139
0.200232
-1.87442
0.948057
1.56899
-0.230995
-0.364849
-0.392315
2.32597
0.749199
0.421979
0.954466
-0.640797
-0.315958
1.6166
0.664235
2.39445
-1.17109
-0.598682
0.900449
0.388104
0.858882
-0.16654
1.31904
1.65413
0.060152
2.19779
-2.30912
-1.49355
-1.07532
0.80578
0.86401
0.695181
1.83248
-2.75188
-2.23441
-2.05368
-1.54537
1.33021
-0.65508
0.155004
-0.960143
1.06177
0.289041
-0.592639
-1.47066
-1.09986
0.192175
1.0105
-0.991455
-1.46864
-0.351115
1.40767
-1.98117
-0.965636
-1.08576
0.376751
-0.699942
0.164159
-0.739128
0.369427
-1.11432
-1.38478
-0.574877
-2.34684
-0.944761
-1.12366
0.235023
2.27177
0.535875
-0.0639973
0.659108
0.264321
1.83724
1.4789
0.982116
-2.04691
-0.0418409
1.45381
-0.94879
-0.549242
-1.68892
-0.167638
-1.6025
1.89053
0.818598
-1.02936
1.68215
1.80886
-2.70373
-0.795709
-0.609485
-0.828669
-1.12879
0.978088
1.17823
2.42467
1.36537
2.13114
0.00393689
1.20405
-0.672658
1.66512
-2.21647
2.76617
0.756157
2.38438
-1.80264
2.53252
-0.984497
-0.837642
-0.866756
2.19504
-1.96414
2.19486
1.05353
-1.04071
-0.781976
1.40693
0.940733
0.112156
1.30787
0.359172
-1.79073
-0.722648
-1.4767
-0.414106
0.287393
-0.292886
0.296182
