t	reg 1	reg 2	reg 3	reg 4	
0	2	3	4	2	
0.1	3.3	4.3	5.2	4.5	
0.2	5.34	6.47	7.18	7.89	
0.3	8.467	9.905	10.373	12.798	
0.4	13.245	15.2421	15.4242	20.1417	
0.5	20.5579	23.4801	23.3173	31.3009	
0.6	31.7738	36.1673	35.5635	48.3774	
0.7	49.0013	55.6935	54.4892	74.591	
0.8	75.4865	85.7404	83.6769	114.887	
0.9	116.225	131.976	128.643	176.87	
1	178.902	203.126	197.878	272.236	
1.1	275.348	312.617	304.455	418.984	
1.2	423.762	481.113	468.489	644.812	
1.3	652.158	740.414	720.943	992.34	
1.4	1003.64	1139.46	1109.46	1527.16	
1.5	1544.55	1753.57	1707.38	2350.21	
1.6	2376.97	2698.64	2627.55	3616.84	
1.7	3658.01	4153.05	4043.63	5566.1	
1.8	5629.46	6391.29	6222.89	8565.9	
1.9	8663.4	9835.81	9576.66	13182.4	
2	13332.5	15136.7	14737.9	20286.9	
2.1	20517.8	23294.5	22680.7	31220.4	
2.2	31575.7	35848.8	34904.3	48046.2	
2.3	48593.1	55169.2	53715.6	73940.3	
2.4	74781.9	84902.1	82665.1	113790	
2.5	115085	130659	127217	175115	
2.6	177109	201077	195779	269492	
2.7	272560	309445	301291	414732	
2.8	419453	476217	463669	638248	
2.9	645513	732869	713559	982225	
3	993405	1.12784e+006	1.09812e+006	1.51158e+006	
3.1	1.52879e+006	1.73568e+006	1.68995e+006	2.32624e+006	
3.2	2.35272e+006	2.67111e+006	2.60073e+006	3.57994e+006	
3.3	3.62069e+006	4.11067e+006	4.00236e+006	5.50931e+006	
3.4	5.57202e+006	6.32608e+006	6.1594e+006	8.4785e+006	
3.5	8.57501e+006	9.73545e+006	9.47894e+006	1.30479e+007	
3.6	1.31964e+007	1.49823e+007	1.45875e+007	2.00799e+007	
3.7	2.03085e+007	2.30568e+007	2.24493e+007	3.09018e+007	
3.8	3.12536e+007	3.54831e+007	3.45481e+007	4.7556e+007	
3.9	4.80973e+007	5.46063e+007	5.31675e+007	7.31858e+007	
4	7.40189e+007	8.40358e+007	8.18216e+007	1.12629e+008	
4.1	1.13911e+008	1.29326e+008	1.25919e+008	1.73329e+008	
4.2	1.75302e+008	1.99025e+008	1.93781e+008	2.66742e+008	
4.3	2.69779e+008	3.06287e+008	2.98217e+008	4.105e+008	
4.4	4.15173e+008	4.71358e+008	4.58938e+008	6.31735e+008	
4.5	6.38926e+008	7.25392e+008	7.06279e+008	9.72203e+008	
4.6	9.83269e+008	1.11633e+009	1.08692e+009	1.49616e+009	
4.7	1.51319e+009	1.71797e+009	1.6727e+009	2.3025e+009	
4.8	2.32871e+009	2.64385e+009	2.57419e+009	3.54341e+009	
4.9	3.58375e+009	4.06873e+009	3.96153e+009	5.4531e+009	
5	5.51517e+009	6.26153e+009	6.09655e+009	8.39199e+009	
5.1	8.48751e+009	9.63612e+009	9.38222e+009	1.29148e+010	
5.2	1.30618e+010	1.48294e+010	1.44387e+010	1.9875e+010	
5.3	2.01013e+010	2.28216e+010	2.22203e+010	3.05865e+010	
5.4	3.09347e+010	3.5121e+010	3.41956e+010	4.70708e+010	
5.5	4.76066e+010	5.40491e+010	5.2625e+010	7.24391e+010	
5.6	7.32637e+010	8.31784e+010	8.09867e+010	1.11479e+011	
5.7	1.12748e+011	1.28006e+011	1.24634e+011	1.7156e+011	
5.8	1.73513e+011	1.96994e+011	1.91804e+011	2.64021e+011	
5.9	2.67026e+011	3.03162e+011	2.95174e+011	4.06312e+011	
6	4.10937e+011	4.66549e+011	4.54256e+011	6.2529e+011	
6.1	6.32407e+011	7.1799e+011	6.99072e+011	9.62283e+011	
6.2	9.73236e+011	1.10494e+012	1.07583e+012	1.4809e+012	
6.3	1.49775e+012	1.70044e+012	1.65564e+012	2.27901e+012	
6.4	2.30495e+012	2.61688e+012	2.54793e+012	3.50726e+012	
6.5	3.54718e+012	4.02722e+012	3.92111e+012	5.39746e+012	
6.6	5.4589e+012	6.19764e+012	6.03435e+012	8.30636e+012	
6.7	8.40091e+012	9.5378e+012	9.28649e+012	1.2783e+013	
6.8	1.29285e+013	1.46781e+013	1.42914e+013	1.96723e+013	
6.9	1.98962e+013	2.25887e+013	2.19935e+013	3.02744e+013	
7	3.0619e+013	3.47627e+013	3.38467e+013	4.65905e+013	
7.1	4.71208e+013	5.34977e+013	5.20881e+013	7.17e+013	
7.2	7.25161e+013	8.23297e+013	8.01604e+013	1.10342e+014	
7.3	1.11598e+014	1.267e+014	1.23362e+014	1.6981e+014	
7.4	1.71743e+014	1.94984e+014	1.89847e+014	2.61327e+014	
7.5	2.64301e+014	3.00069e+014	2.92163e+014	4.02166e+014	
7.6	4.06744e+014	4.61788e+014	4.49621e+014	6.18909e+014	
7.7	6.25954e+014	7.10664e+014	6.91939e+014	9.52464e+014	
7.8	9.63306e+014	1.09367e+015	1.06485e+015	1.46579e+015	
7.9	1.48247e+015	1.68309e+015	1.63874e+015	2.25576e+015	
8	2.28143e+015	2.59018e+015	2.52193e+015	3.47147e+015	
8.1	3.51099e+015	3.98613e+015	3.8811e+015	5.34239e+015	
8.2	5.4032e+015	6.13441e+015	5.97278e+015	8.22161e+015	
8.3	8.3152e+015	9.44048e+015	9.19174e+015	1.26526e+016	
8.4	1.27966e+016	1.45283e+016	1.41455e+016	1.94715e+016	
8.5	1.96932e+016	2.23582e+016	2.17691e+016	2.99655e+016	
8.6	3.03066e+016	3.4408e+016	3.35014e+016	4.61151e+016	
8.7	4.664e+016	5.29518e+016	5.15566e+016	7.09684e+016	
8.8	7.17762e+016	8.14896e+016	7.93425e+016	1.09216e+017	
8.9	1.10459e+017	1.25408e+017	1.22103e+017	1.68077e+017	
9	1.6999e+017	1.92995e+017	1.8791e+017	2.5866e+017	
9.1	2.61605e+017	2.97007e+017	2.89182e+017	3.98063e+017	
9.2	4.02594e+017	4.57076e+017	4.45033e+017	6.12595e+017	
9.3	6.19568e+017	7.03413e+017	6.84879e+017	9.42746e+017	
9.4	9.53477e+017	1.08251e+018	1.05399e+018	1.45083e+018	
9.5	1.46734e+018	1.66592e+018	1.62202e+018	2.23274e+018	
9.6	2.25815e+018	2.56375e+018	2.4962e+018	3.43605e+018	
9.7	3.47516e+018	3.94545e+018	3.8415e+018	5.28788e+018	
9.8	5.34807e+018	6.07182e+018	5.91183e+018	8.13772e+018	
9.9	8.23035e+018	9.34416e+018	9.09795e+018	1.25235e+019	
