0.948834
0.667184
0.738301
0.822814
0.824353
0.717804
0.79733
0.758474
0.908571
0.578394
0.714867
0.679605
0.841393
0.887136
0.765878
0.762358
0.839741
0.700597
0.870402
0.797357
0.779417
0.785643
0.891866
0.816604
0.718145
0.779572
0.830919
0.954014
0.679367
0.944455
0.770454
0.904065
0.616375
0.819261
0.762914
0.809093
0.782823
0.812958
0.885938
0.772986
0.778087
0.888956
0.681411
0.679512
0.798839
0.74575
0.726395
0.675846
0.85772
0.548784
0.706584
0.74712
0.785988
0.76381
0.824618
0.896455
0.704195
0.696374
0.804809
0.791787
0.861133
0.848669
0.801622
0.773077
0.717017
0.880416
0.705934
0.902443
0.811301
0.849715
0.65406
0.798889
0.772962
0.831336
0.735778
0.801052
0.765828
0.831846
0.910247
0.670859
0.810661
0.789209
0.709122
0.779945
0.923015
0.566301
0.67473
0.732615
0.801005
0.715498
0.845151
0.871042
0.734011
0.802746
0.809245
0.873337
0.824691
0.750566
0.734162
0.686025
0.894295
0.84102
0.854619
0.769072
0.62938
0.848472
0.79765
0.761025
0.789176
0.811822
0.693922
0.865174
0.711935
0.770744
0.897318
0.755377
0.706633
0.849804
0.633297
0.601568
0.859293
0.687829
0.827833
0.722326
0.758235
0.766856
0.733154
0.857594
0.740268
0.780302
0.71085
0.904569
0.860392
0.79115
0.700834
0.706362
0.717989
0.761328
0.675448
0.796807
0.768867
0.905671
0.856015
0.630772
0.737811
0.65963
0.700898
0.854154
0.541544
0.666991
0.839804
0.733832
0.886141
0.692833
0.666526
0.800565
0.618353
0.729895
0.716655
0.738884
0.8036
0.676761
0.734336
0.652591
0.668833
0.709504
0.752855
0.690197
0.776701
0.685483
0.801343
0.605231
0.653551
0.728931
0.626718
0.734045
0.639629
0.747268
0.844413
0.769451
0.834868
0.67205
0.777339
0.677501
0.752844
0.696565
0.653623
0.821169
0.883655
0.728645
0.732344
0.744019
0.676896
0.652127
0.738442
0.667497
0.772883
0.64089
0.724889
0.722934
0.742077
0.558619
0.673042
0.854338
0.716707
0.767517
0.662393
0.720198
0.598962
0.736389
0.702197
0.666751
0.861232
0.851078
0.595694
0.681928
0.706802
0.674991
0.793046
0.68412
0.74518
0.664385
0.796903
0.684923
0.709999
0.602594
0.73503
0.812782
0.886198
0.667029
0.773816
0.604196
0.740706
0.660173
0.647224
0.825596
0.872919
0.636156
0.701687
0.663878
0.63913
0.675178
0.675732
0.735932
0.671061
0.738976
0.595629
0.656444
0.656029
0.871645
0.70482
0.719332
0.634578
0.689753
0.771337
0.6657
0.598229
0.8053
0.84954
0.630255
0.686217
0.639099
0.648195
0.657199
0.758406
0.647426
0.690555
0.711661
0.553846
0.629916
0.813429
0.86092
0.682779
0.69921
0.611053
0.650532
0.660939
0.771789
0.826955
0.578844
0.693649
0.615983
0.765886
0.65755
0.786803
0.695344
0.667851
0.753658
0.590867
0.811121
0.733982
0.702565
0.725273
0.573111
0.732385
0.692467
0.823462
0.728359
0.507426
0.649893
0.604233
0.701135
0.668524
0.783816
0.701353
0.681199
0.649006
0.614131
0.81327
0.732473
0.646556
0.687319
0.579574
0.614648
0.766314
0.7755
0.523733
0.622432
0.593841
0.619238
0.634518
0.770251
0.661421
0.611155
0.629467
0.658129
0.798395
0.867103
0.645117
0.552354
0.685462
0.623484
0.761429
0.751474
0.550918
0.669365
0.592429
0.631774
0.753794
0.653837
0.739833
0.495413
0.796817
0.704313
0.684448
0.69536
0.549472
0.60264
0.750413
0.744682
0.486845
0.647617
0.538101
0.608938
0.749652
0.66235
0.736283
0.531403
0.821193
0.690072
0.622057
0.677227
0.665342
0.604842
0.766896
0.7163
0.591383
0.588471
0.620896
0.763967
0.737311
0.744397
0.556648
0.744838
0.820389
0.64046
0.535315
0.629201
0.740229
0.723954
0.453918
0.648444
0.617869
0.569538
0.736428
0.662233
0.656837
0.578511
0.771304
0.82459
0.697277
0.536541
0.599066
0.791741
0.748534
0.61915
0.53936
0.645687
0.733054
0.636239
0.664535
0.6792
0.654497
0.73304
0.677138
0.644438
0.73624
0.623856
0.452265
0.607758
0.549198
0.728652
0.628504
0.647442
0.788378
0.706547
0.588025
0.510051
0.617178
0.728057
0.69673
0.46655
0.495264
0.661436
0.756601
0.601894
0.619698
0.7775
0.734404
0.625004
0.471855
0.56356
0.710619
0.529915
0.616636
0.579085
0.737072
0.539321
0.492777
0.752555
0.78833
0.651609
0.543892
0.712965
0.564894
0.427085
0.547836
0.590551
0.737715
0.546859
0.491575
0.747098
0.725958
0.577707
0.590237
0.699465
0.709909
0.53194
0.544964
0.749623
0.549195
0.546797
0.707728
0.686711
0.492457
0.572868
0.682633
0.513502
0.578214
0.549
0.73344
0.561475
0.523327
0.675055
0.659274
0.451007
0.555001
0.663294
0.525933
0.493248
0.574008
