0.775634
0.955737
0.951657
0.940781
1.00283
0.979952
0.988077
1.01902
0.952149
0.949528
0.945797
1.00543
0.943628
0.911847
0.944003
1.00547
0.9583
0.966832
0.942766
0.86746
0.861121
0.96234
0.907032
0.995923
0.994305
0.997715
0.991798
0.91798
0.962269
0.948727
0.975622
0.861253
0.989222
1.03766
0.91924
1.02492
1.03658
0.998095
1.05383
0.889072
0.857986
1.01317
0.824923
0.7596
0.947064
0.902678
0.902967
0.88444
1.00312
0.927303
0.840511
0.881377
0.936141
0.963513
1.01029
1.01415
0.898555
0.993033
0.99352
1.01801
1.08648
1.01535
0.829199
0.968343
0.879036
0.850162
0.920985
1.01934
0.984391
0.86401
1.01979
0.885829
0.899905
0.931339
0.91688
0.935514
0.846702
0.901658
0.988998
0.95601
0.907584
0.955726
0.966581
0.985588
1.04956
0.883128
0.917102
0.972136
0.908796
0.942098
0.899329
0.930556
0.958463
0.948204
0.9467
1.01329
0.923355
0.983839
0.857972
0.817031
0.935819
0.981891
0.999119
0.912491
0.959189
0.947336
0.996056
1.07095
0.917858
0.987945
0.895688
0.953042
0.977515
1.02078
0.954753
1.01878
1.01678
0.937847
1.0111
0.989323
0.961575
1.01071
0.995735
0.94539
0.954699
0.901809
0.965282
1.01249
0.851108
0.917517
0.861014
0.957919
0.952441
0.834459
0.850813
0.878959
0.950576
0.91289
0.978935
0.977491
0.937172
0.868501
0.913045
0.944475
0.92395
1.072
0.987868
0.911428
0.593017
0.832171
0.862794
0.885218
0.849966
0.767625
0.93502
0.899362
0.854937
0.899672
0.928013
0.732938
0.988787
0.934583
0.859106
0.946909
0.958883
0.851288
0.944136
0.982079
0.834198
0.96423
0.911287
0.989838
1.01413
0.905585
0.944677
0.875647
0.88766
0.956991
0.919451
1.03267
0.934053
0.951274
0.858513
0.924383
0.887593
0.865886
0.93768
0.870791
0.932711
0.910944
1.01511
0.865094
0.941981
0.93903
0.973172
0.838436
0.938041
0.845824
1.02884
0.861204
0.915896
0.848019
0.838671
0.979335
0.852019
0.842382
0.936074
0.932538
0.940107
1.0216
0.978506
0.909016
0.946275
0.903836
0.987858
0.982469
0.971718
0.926033
0.910739
0.868561
0.849349
0.830203
1.00348
0.816917
0.884485
0.84516
0.943539
0.901305
0.90715
0.950085
0.887761
0.915594
0.961695
0.818906
0.83867
0.862821
0.955797
0.970042
0.844296
0.620035
0.935099
0.843566
0.813067
0.81842
0.925517
0.853568
0.891849
0.848601
0.83386
0.900468
0.945188
0.824376
0.768708
0.958134
0.918204
0.73839
0.900928
0.933092
0.897203
0.865111
0.73956
0.854338
0.91735
0.839142
1.04331
0.867137
0.875753
0.874405
0.830842
0.892505
0.905194
0.892723
1.0316
0.951601
0.987141
0.965518
1.01216
0.910887
0.888548
0.942329
1.02585
0.903252
0.895542
0.882595
0.838833
0.912466
0.908682
0.900605
0.910192
0.867302
0.951586
0.881228
0.824615
1.02247
0.946769
0.936434
0.865025
0.995898
0.75366
0.809547
0.92896
0.896152
0.912433
0.860737
0.9113
0.848927
0.810461
0.850611
0.906405
0.926364
0.897947
0.600224
0.833108
0.789762
0.689581
0.85906
0.815367
0.919237
0.834055
0.919863
0.828796
0.838406
0.794711
0.711722
0.815472
0.919733
0.803455
0.797587
0.900264
0.840885
0.906583
0.885728
0.928902
0.83669
0.888998
0.773909
0.902712
0.831164
0.981057
0.680825
0.883655
0.917434
0.84488
0.873381
0.992247
0.962644
0.852571
0.811232
0.839836
0.860769
0.863197
0.930917
0.897056
0.804682
0.81705
0.827178
0.964693
0.72646
0.85502
0.753975
0.952894
0.799007
0.817577
0.823303
0.872494
0.803007
0.89288
0.807576
0.796036
0.79633
0.886148
0.912041
0.680364
0.86222
0.83686
0.883093
0.809644
0.892185
0.813643
0.789716
0.851908
0.911728
0.655651
0.811476
0.872901
0.904755
0.790836
0.774211
0.895105
0.852716
0.834449
0.762991
0.829681
0.763548
0.849084
0.95464
0.690968
0.818448
0.909989
0.904351
0.911855
0.894604
0.742591
0.890563
0.768181
0.795896
0.829858
0.850755
0.862663
0.819658
0.867335
0.675501
0.899377
0.982809
0.717862
0.805188
0.752423
0.870451
0.840814
0.73551
0.83186
0.801964
0.91895
0.597072
0.694394
0.722539
0.805501
0.771081
0.885449
0.813844
0.779407
0.850915
0.620541
0.782846
0.89803
0.819461
0.799262
0.817117
0.883864
0.856132
0.746584
0.779817
0.729846
0.81606
0.90968
0.912118
0.92205
0.88106
0.908393
0.755699
0.782496
0.81869
0.825384
0.818848
0.832874
0.924858
0.944691
0.86766
0.713387
0.827171
1.00245
0.884979
0.761291
0.85377
0.947625
0.89979
0.977492
0.951672
0.906205
1.02108
0.988721
0.931047
1.01301
0.980684
0.863739
0.882028
0.838304
0.640962
0.688454
0.874461
0.815487
0.613734
0.954466
0.894802
0.977132
0.875837
0.941888
0.894044
0.855516
0.90925
1.01333
0.974609
0.94699
0.977365
0.930578
1.02556
0.965998
1.03002
0.913994
0.800985
0.938513
0.956877
1.03193
0.989453
0.907785
0.939871
0.976634
0.83065
0.934455
0.817992
0.980047
1.00496
0.938811
0.999241
0.673703
0.934208
0.916559
0.911082
0.858745
0.769092
0.780963
0.978923
0.912747
0.953371
0.970296
0.936006
0.753276
0.808142
0.875514
0.830089
0.96547
0.966824
1.00711
0.92911
0.975064
0.849282
0.931049
0.918714
1.03651
0.838486
0.880947
0.849997
0.851285
0.803851
0.9887
0.888226
0.9517
0.690966
0.827474
0.94097
0.854337
0.872038
0.848525
0.955654
0.972586
0.770472
0.956381
0.994685
0.963743
0.984639
0.981734
0.861615
1.03357
0.860379
0.918492
0.959643
0.975454
1.05169
0.835533
0.618302
0.969157
0.936657
1.06214
0.824798
0.705381
0.734326
0.867151
0.992055
0.892237
0.915581
1.02239
0.953368
0.956845
0.985496
1.02383
0.943289
0.91617
0.970373
0.975058
0.762928
0.708248
0.871177
0.737987
0.864869
0.854184
0.826818
0.801104
0.689339
0.842968
0.831026
0.790047
0.899415
0.939822
0.940111
1.03507
0.817961
0.856725
0.908314
0.949883
0.78211
0.945845
0.778909
0.799371
0.919366
0.999418
0.938708
0.978782
0.901938
0.942238
0.803955
0.949147
0.964871
0.902666
1.00362
0.826491
0.914588
0.927174
0.896959
0.887442
0.88898
0.743039
0.845487
0.921902
0.950043
0.847285
0.692971
0.819322
0.893772
0.577411
0.796134
0.875932
0.796809
0.802807
0.777865
0.742873
0.934726
0.947296
0.874169
0.918254
0.842011
0.456778
0.533647
0.851887
0.96587
0.873095
0.842171
0.942913
0.739371
0.879272
0.83352
0.839937
0.862949
0.8313
0.962465
0.843249
0.804747
0.502561
0.50232
0.927289
0.967142
0.977954
0.688121
1.02926
0.901641
0.948639
0.984241
1.03672
0.941092
0.87321
0.930399
0.86529
0.931719
0.897553
0.972747
0.923087
0.893722
0.990033
0.93096
1.01381
0.944496
0.955728
0.914326
1.00314
0.914109
0.747467
0.762322
1.03784
0.998008
0.940303
0.978263
0.887316
0.945423
0.896474
0.668878
1.00037
0.790205
0.805546
1.01286
0.990912
0.971893
0.910575
0.923535
0.988624
0.907902
0.969963
0.939651
0.981315
0.925253
0.909954
0.891172
0.762937
0.913741
0.972268
0.856763
0.840467
0.914103
0.973036
0.757002
1.097
0.868097
1.00199
0.911276
0.86276
0.96508
1.05953
0.844694
0.865136
0.991804
0.952022
0.938679
0.959231
0.602711
0.956883
0.952083
0.993474
1.01445
0.984127
0.840448
1.05622
0.578807
0.82014
0.863397
0.729701
0.989952
0.990239
0.862631
0.772463
0.806979
0.827568
0.834377
0.836098
0.91365
0.968606
0.656184
0.883899
0.931076
0.887201
0.749606
0.827637
0.862598
0.931509
0.898387
0.754666
0.902827
0.778804
0.954822
0.845272
0.92943
0.963891
0.929031
0.728455
0.783936
0.67759
0.711045
0.923633
0.900612
0.884224
1.02733
0.945309
0.929346
0.82755
0.922888
0.843535
0.980666
0.791459
0.975514
0.693844
0.673083
0.797821
0.933971
0.636296
0.914609
0.738016
0.910762
0.840218
0.831422
0.819077
0.798572
0.744747
0.740462
0.700434
0.945256
0.846985
0.834227
0.815589
0.911313
0.815087
0.952896
0.884902
0.82676
0.937972
0.956119
0.773204
0.822856
0.917741
0.662477
0.708475
0.961667
0.842887
0.791078
0.908137
0.796957
0.882765
1.03459
0.903645
0.961053
0.992696
1.03473
0.584714
0.988091
0.918876
0.839837
0.833249
0.736905
0.786165
0.639058
0.938377
0.831484
0.944129
0.939844
0.987323
0.451061
1.04397
0.848592
0.72883
0.753744
0.799167
0.870189
0.851517
0.879464
0.933651
0.809149
0.946045
0.942197
0.929956
0.879225
0.930107
0.871753
0.990573
0.875268
0.698002
0.756577
0.919848
0.948673
0.836983
0.844069
0.792837
0.884488
0.717732
0.976578
0.918615
0.944398
0.891277
0.890977
0.909944
0.906167
0.814356
0.856769
0.624163
0.715088
0.919413
0.828793
0.839687
0.847558
0.65296
0.690335
0.735606
0.903855
0.839776
0.618566
0.625773
0.737214
0.976897
0.906941
0.678058
0.896121
0.835586
0.887907
0.740359
0.747275
0.943087
0.921051
0.834927
0.952588
0.784454
0.636362
0.952327
0.939809
0.750912
0.857473
0.91502
0.807496
0.830745
0.952681
0.982151
0.945715
0.868392
0.912019
0.908801
0.964154
0.917551
0.88065
0.850317
0.747111
0.882703
0.972503
0.755626
0.968681
0.98783
0.747772
0.882988
0.831422
0.962035
0.768362
0.792568
0.90169
0.863022
0.947861
0.838447
0.936039
0.902988
0.839759
0.857761
0.901135
0.842122
0.869883
0.958639
0.709051
0.998748
0.855134
0.779396
0.871946
0.81692
0.796953
0.934135
0.886708
0.848511
1.04439
0.809488
0.980249
0.799615
0.872597
0.763979
0.956291
0.552914
0.844946
0.767887
0.912926
0.68636
0.968999
0.791539
0.712616
0.82634
0.821212
0.941623
0.615062
0.893168
0.767794
0.891751
0.827617
0.740773
0.812067
0.734877
0.739282
0.973712
0.837761
0.879599
0.819963
0.773257
0.809854
0.899579
0.922319
0.90829
0.825577
0.984569
0.785645
0.82612
0.957101
0.792031
0.908228
0.885484
0.648183
0.675617
0.796478
0.790637
0.67043
0.897897
0.919343
0.856726
0.813244
0.606847
0.686888
0.555882
0.844855
0.848776
0.630191
0.81256
0.635792
0.861551
0.829052
0.893612
0.907138
0.865307
0.902693
0.575194
0.728732
0.814114
0.79862
0.745744
0.805845
0.770798
0.853104
0.838018
0.941984
0.995595
0.768754
0.743735
0.715484
0.645245
0.739405
0.696617
0.875795
0.707502
0.825381
0.862463
0.557686
1.01086
0.810294
0.500013
0.822092
0.876211
0.803661
0.803328
0.786525
0.751526
0.856739
0.942333
0.914629
0.800048
0.764889
0.672788
0.926733
0.958412
0.922295
0.860217
0.849615
0.877004
0.827187
0.817264
0.931545
0.888856
0.918113
0.757795
0.834779
0.848633
0.532352
0.741404
0.789696
0.42735
0.587834
0.558945
0.730369
0.868331
0.88279
0.506972
0.752904
0.793597
0.883652
0.918046
0.820252
0.801847
0.785277
0.819599
0.757361
0.846941
0.874074
0.676191
0.84009
0.976791
0.860292
0.879611
0.83255
0.860211
0.944692
0.905459
0.848906
0.856168
0.911745
0.880254
0.813261
0.660506
0.773051
0.8507
0.720207
0.773841
0.669108
0.755665
0.697561
0.907155
0.899925
0.898208
0.905189
0.927905
0.855332
0.914936
0.886664
0.798067
0.910945
0.710899
0.921475
0.877708
0.66707
0.884085
0.927305
0.938726
0.966106
0.885439
0.847396
0.948462
0.896247
0.936525
0.817936
0.737429
0.761005
0.808078
0.636206
0.953462
0.858493
0.858856
0.726057
0.880324
0.869691
0.696994
0.893085
0.782916
0.757065
0.790384
0.794984
0.584256
0.733912
0.740308
0.917797
0.836884
0.794219
0.731611
0.766248
0.884063
0.810298
0.947895
0.812564
0.76048
0.730727
0.885023
0.809044
0.860422
0.796604
0.891117
0.831679
0.897916
0.885559
0.697916
0.739326
0.784087
0.609268
0.823637
0.743018
0.727308
0.63845
0.823462
0.73568
0.928456
0.79139
0.823786
0.533522
0.740562
0.655526
0.672769
0.750577
0.737849
0.800604
0.858732
0.946571
0.720956
0.749783
0.697261
0.612178
0.690205
0.84721
0.861509
0.799933
0.890503
1.02129
0.836365
0.543959
0.619959
0.765136
0.685803
0.768135
0.865551
0.850289
0.936211
0.829613
0.718161
0.597077
0.71946
0.916099
0.856361
0.857719
0.686563
0.845549
0.764024
0.846869
0.837965
0.847017
0.754373
0.619874
0.779181
0.788881
0.388442
0.346661
0.748049
0.844844
0.891342
0.612984
0.957792
0.925498
0.925436
0.828031
0.777556
0.788764
0.854982
0.837037
0.844475
0.748302
0.642015
0.976353
0.79541
0.882186
0.905897
0.894239
0.862825
0.766995
0.913911
0.816313
0.803134
0.765085
0.918086
0.740341
0.664179
0.609148
0.778843
0.84466
0.739019
0.888434
0.857325
0.820676
0.828382
0.892601
0.805967
0.798532
0.913229
0.790378
0.725428
0.870493
0.783361
0.718289
0.832228
0.833785
0.697996
0.898321
0.868375
0.6584
0.789939
0.572799
0.819691
0.613078
