0.731848
0.554356
0.78795
0.712505
0.549067
0.489557
0.655202
0.573174
0.416307
0.518335
0.71246
0.546789
0.753427
0.699647
0.555162
0.525686
0.652857
0.601021
0.553834
0.505731
0.676495
0.52179
0.739103
0.69671
0.592224
0.55975
0.648759
0.512623
0.541118
0.670923
0.48215
0.740228
0.698021
0.542617
0.548132
0.634572
0.485468
0.508843
0.683127
0.492357
0.751225
0.692229
0.50863
0.594267
0.479491
0.420575
0.500256
0.664567
0.531111
0.749379
0.651644
0.436776
0.579631
0.55199
0.501809
0.545512
0.660105
0.544545
0.745027
0.64461
0.446677
0.621871
0.571436
0.506757
0.639167
0.54775
0.708201
0.614277
0.478395
0.586966
0.477399
0.467865
0.623869
0.545535
0.685334
0.6123
0.483335
0.579903
0.477432
0.521327
0.60766
0.557209
0.656962
0.606661
0.501508
0.614006
0.499055
0.485069
0.621941
0.586381
0.533865
0.580426
0.504223
0.462395
0.478759
0.581241
0.760761
0.648068
0.522832
0.529011
0.54007
0.495517
0.566598
0.710885
0.613387
0.50239
0.498023
0.524336
0.51126
0.553103
0.705874
0.610483
0.486593
0.53114
0.470499
0.475037
0.550266
0.695275
0.62934
0.427866
0.529924
0.450521
0.482865
0.559963
0.700389
0.62447
0.395299
0.493117
0.460598
0.460543
0.566941
0.704195
0.627883
0.412421
0.539421
0.472646
0.583153
0.693071
0.620263
0.4261
0.568822
0.498787
0.582062
0.682275
0.611109
0.437956
0.586162
0.516681
0.585682
0.681691
0.590793
0.45126
0.502864
0.485209
0.582694
0.670171
0.574765
0.449771
0.503678
0.468137
0.578882
0.663211
0.56929
0.419216
0.465353
0.428602
0.576867
0.668481
0.561511
0.436409
0.458985
0.568986
0.649442
0.553222
0.425289
0.413573
0.569257
0.640217
0.534842
0.463655
0.398084
0.575493
0.641083
0.531646
0.491858
0.44142
0.56803
0.634955
0.532882
0.471393
0.433803
0.56279
0.621204
0.513888
0.442585
0.421116
0.556809
0.611353
0.505649
0.44695
0.456614
0.541138
0.595757
0.467711
0.47244
0.46672
0.531751
0.563707
0.459771
0.494929
0.474148
0.518538
0.555854
0.463762
0.476525
0.438657
0.522849
0.519248
0.46379
0.433878
0.645995
0.539829
0.360155
0.427022
0.63407
0.530012
0.356344
0.418994
0.629534
0.521555
0.353809
0.399219
0.613717
0.513624
0.37238
0.405652
0.610827
0.525226
0.36738
0.381763
0.604297
0.539084
0.373723
0.362669
0.592572
0.537929
0.366207
0.356563
0.593973
0.531208
0.370467
0.355245
0.59562
0.532316
0.384207
0.358084
0.595134
0.52688
0.37386
0.370159
0.599307
0.523461
0.37341
0.361941
0.599291
0.511717
0.386822
0.589681
0.494228
0.389674
0.588726
0.490188
0.383537
0.583515
0.476922
0.370224
0.588914
0.478285
0.364493
0.589802
0.473077
0.365647
0.587533
0.471136
0.358552
0.577111
0.469953
0.369679
0.56
0.456533
0.38494
0.589383
0.469211
0.340022
0.582183
0.468008
0.354007
0.57244
0.464389
0.37917
0.553332
0.464244
0.367016
0.55297
0.464576
0.35033
0.536819
0.455603
0.35359
0.548227
0.458352
0.33886
0.553774
0.434351
0.309567
0.539772
0.415896
0.301462
0.535757
0.426649
0.308368
0.532361
0.431294
0.308561
0.517533
0.418854
0.518366
0.423585
0.515666
0.429914
0.517887
0.437709
0.514889
0.43525
0.51076
0.442486
0.509845
0.438596
0.505863
0.44011
0.496258
0.436992
