0.914981
0.932104
0.933961
0.946998
0.918739
0.937211
0.92191
0.939166
0.944202
0.931773
0.921886
0.931453
0.917665
0.929219
0.943507
0.913367
0.927279
0.941722
0.952896
0.926337
0.923479
0.922426
0.936864
0.940774
0.941983
0.932318
0.944487
0.94362
0.943282
0.917742
0.934298
0.937205
0.947925
0.911615
0.917312
0.919131
0.924825
0.92651
0.941573
0.939234
0.895752
0.937893
0.936375
0.936427
0.904999
0.928651
0.944403
0.910607
0.923668
0.929058
0.936556
0.935669
0.938392
0.946016
0.937169
0.9512
0.932479
0.933816
0.944509
0.92445
0.930096
0.926661
0.920879
0.931243
0.925759
0.923563
0.923812
0.924481
0.945591
0.923165
0.925033
0.942425
0.938938
0.911274
0.919485
0.919449
0.910129
0.940705
0.927225
0.916672
0.939642
0.926899
0.948673
0.953456
0.944444
0.928692
0.930278
0.916813
0.937831
0.91457
0.91235
0.930795
0.951752
0.947603
0.938573
0.926548
0.921098
0.917019
0.930097
0.925035
0.945193
0.925872
0.922722
0.916476
0.934445
0.941425
0.930866
0.937426
0.931113
0.929757
0.9055
0.912748
0.932653
0.928835
0.924129
0.897516
0.929235
0.932111
0.93418
0.913773
0.931738
0.925324
0.909078
0.937433
0.887792
0.939054
0.934197
0.923478
0.918691
0.921716
0.924233
0.940071
0.92216
0.922033
0.930079
0.927279
0.918077
0.930404
0.903381
0.928044
0.914819
0.906355
0.902783
0.934748
0.920652
0.917101
0.89269
0.923738
0.924446
0.923329
0.933403
0.936032
0.898455
0.920188
0.925226
0.914442
0.935218
0.921532
0.949023
0.931392
0.917624
0.927876
0.925682
0.923952
0.93551
0.914967
0.911787
0.921607
0.919503
0.91139
0.921849
0.926962
0.918998
0.921261
0.925176
0.923347
0.931537
0.927149
0.942696
0.934478
0.921561
0.908448
0.931532
0.927993
0.933362
0.920907
0.942585
0.929252
0.919597
0.928419
0.907713
0.913423
0.922867
0.929986
0.930144
0.925141
0.917711
0.910185
0.923296
0.908453
0.941894
0.925757
0.928835
0.919184
0.922614
0.926686
0.939013
0.933479
0.928359
0.901686
0.913278
0.936033
0.911784
0.925764
0.899803
0.910307
0.929424
0.91301
0.928393
0.935459
0.900519
0.91692
0.922241
0.925455
0.885753
0.920867
0.919574
0.910979
0.929196
0.916499
0.904005
0.925407
0.907537
0.906878
0.928244
0.940594
0.910093
0.899297
0.900462
0.923802
0.93631
0.900521
0.880851
0.919029
0.903912
0.897881
0.913122
0.898792
0.916582
0.930364
0.925278
0.928844
0.931163
0.930362
0.911255
0.913561
0.916435
0.922159
0.931053
0.905555
0.906215
0.909647
0.902085
0.926648
0.916752
0.913042
0.897561
0.91896
0.903232
0.922723
0.901242
0.894153
0.89839
0.936532
0.926752
0.908238
0.947195
0.931115
0.934437
0.911512
0.916211
0.911055
0.898413
0.903271
0.927772
0.925933
0.923465
0.916206
0.903033
0.908722
0.927292
0.926035
0.923845
0.90707
0.915244
0.920336
0.915115
0.914794
0.913471
0.92988
0.921278
0.905635
0.897713
0.920517
0.924191
0.917508
0.9107
0.914872
0.889031
0.892096
0.907228
0.918077
0.894832
0.895479
0.898618
0.919788
0.916609
0.884585
0.922339
0.892559
0.901399
0.899919
0.910969
0.902045
0.891182
0.923267
0.915755
0.917502
0.883928
0.899763
0.903384
0.895756
0.92594
0.900181
0.925105
0.9342
0.908544
0.914463
0.910964
0.903721
0.901512
0.907152
0.914952
0.934882
0.902435
0.899209
0.904767
0.870647
0.895788
0.911732
0.890004
0.912601
0.887575
0.906344
0.901882
0.8951
0.889541
0.897056
0.919976
0.927747
0.929512
0.923383
0.895682
0.910323
0.901134
0.894399
0.883018
0.916026
0.919636
0.921572
0.90393
0.899476
0.892317
0.921506
0.924405
0.895777
0.916811
0.903719
0.918108
0.904358
0.899363
0.912749
0.90061
0.913238
0.885537
0.901874
0.896263
0.869731
0.89435
0.886949
0.905773
0.893597
0.907738
0.895196
0.906877
0.892111
0.892598
0.89841
0.915266
0.898805
0.887367
0.897011
0.909048
0.904778
0.884836
0.928805
0.920434
0.900277
0.889665
0.903241
0.892865
0.90369
0.887483
0.91311
0.921767
0.9012
0.906645
0.918867
0.893069
0.904136
0.917519
0.898634
0.888766
0.892861
0.909289
0.855217
0.890616
0.896041
0.876934
0.902466
0.90209
0.912051
0.905228
0.906201
0.918158
0.908598
0.908589
0.915328
0.922764
0.893053
0.903132
0.870284
0.876358
0.898622
0.899739
0.909532
0.899062
0.894205
0.886838
0.913998
0.909865
0.893646
0.900867
0.890373
0.895566
0.886328
0.908304
0.91169
0.891463
0.897791
0.907619
0.893133
0.887814
0.895889
0.897781
0.897311
0.904825
0.883978
0.89844
0.892117
0.893252
0.86695
0.911952
0.886735
0.893088
0.888904
0.890461
0.879467
0.897139
0.910069
0.889854
0.875214
0.88973
0.891788
0.91424
0.899007
0.904407
0.912111
0.893544
0.909816
0.88768
0.888887
0.906908
0.893359
0.8759
0.88453
0.896369
0.868207
0.901721
0.875343
0.878568
0.892158
0.888231
0.897139
0.900075
0.907429
0.896917
0.904144
0.913432
0.899728
0.883761
0.895135
0.889774
0.873703
0.898555
0.897326
0.892649
0.881095
0.883687
0.914009
0.901579
0.889721
0.892287
0.889509
0.8939
0.881784
0.906268
0.895587
0.870581
0.88164
0.877223
0.864024
0.886646
0.875222
0.873062
0.89444
0.858808
0.887141
0.892761
0.895146
0.873804
0.883564
0.869723
0.884688
0.896802
0.887453
0.880747
0.894909
0.90157
0.881633
0.89147
0.888907
0.906305
0.896512
0.889275
0.891319
0.890568
0.905561
0.877354
0.872819
0.900189
0.898215
0.885906
0.884704
0.85626
0.888393
0.872756
0.878468
0.875672
0.896617
0.89487
0.879657
0.888018
0.894876
0.912494
0.902356
0.879878
0.888116
0.875049
0.863106
0.890579
0.893459
0.89303
0.871578
0.866545
0.885093
0.90756
0.890997
0.87353
0.880448
0.880423
0.907934
0.888593
0.870192
0.880358
0.886375
0.875778
0.862786
0.867909
0.881774
0.863897
0.883402
0.878598
0.877386
0.861487
0.879344
0.862117
0.862202
0.877637
0.868592
0.884655
0.881846
0.845939
0.8743
0.870423
0.891412
0.870072
0.892544
0.893391
0.878266
0.896272
0.883328
0.875266
0.878607
0.870633
0.880189
0.868021
0.867875
0.874789
0.858809
0.880662
0.876227
0.885081
0.868747
0.879949
0.888875
0.887152
0.876653
0.853028
0.872535
0.875168
0.871822
0.862247
0.890651
0.874067
0.860467
0.886677
0.893479
0.879916
0.86985
0.876542
0.87481
0.900517
0.888615
0.866778
0.872357
0.862576
0.867696
0.866644
0.872736
0.893212
0.871446
0.872569
0.85566
0.860981
0.880295
0.858591
0.862104
0.866126
0.864875
0.89269
0.863486
0.858977
0.868714
0.88191
0.874274
0.885622
0.879179
0.862961
0.883688
0.870813
0.865957
0.87261
0.866669
0.862151
0.855328
0.868205
0.860147
0.863874
0.868147
0.874295
0.866438
0.872339
0.893007
0.90684
0.882796
0.851977
0.86881
0.867945
0.866035
0.85948
0.878768
0.860175
0.869213
0.869261
0.871639
0.875406
0.872548
0.869655
0.868394
0.881417
0.872218
0.861651
0.876884
0.854821
0.856274
0.864145
0.848396
0.879367
0.868609
0.862503
0.847208
0.853522
0.856817
0.863795
0.848263
0.87735
0.881246
0.860724
0.860421
0.863495
0.864975
0.871396
0.861619
0.863127
0.867911
0.849403
0.886122
0.873223
0.862027
0.848794
0.86734
0.854742
0.859913
0.863217
0.859671
0.861047
0.874355
0.875229
0.884618
0.860831
0.858212
0.854483
0.84974
0.857189
0.85826
0.844711
0.856142
0.863296
0.862852
0.857572
0.868598
0.863608
0.843669
0.844244
0.856263
0.85023
0.865
0.835642
0.858071
0.874097
0.870626
0.856735
0.863044
0.860208
0.850826
0.865611
0.860063
0.8434
0.871969
0.873351
0.846457
0.860227
0.877115
0.87465
0.86684
0.844793
0.867456
0.858799
0.872123
0.885639
0.852964
0.865477
0.839379
0.864705
0.860336
0.848001
0.854683
0.850315
0.868551
0.876625
0.8658
0.857627
0.858853
0.842951
0.856459
0.854664
0.852714
0.853647
0.870521
0.876073
0.868103
0.867423
0.850231
0.847513
0.833545
0.849676
0.843277
0.836697
0.858689
0.862698
0.839077
0.859976
0.841029
0.83803
0.854002
0.855814
0.854177
0.859761
0.867671
0.857857
0.846173
0.856269
0.872168
0.858978
0.858604
0.847445
0.846499
0.848948
0.868551
0.857301
0.863986
0.823307
0.854429
0.828238
0.838406
0.858022
0.847301
0.868492
0.868905
0.862875
0.848326
0.842766
0.823717
0.861906
0.860884
0.847423
0.840065
0.858077
0.856934
0.837168
0.853833
0.845455
0.849187
0.836075
0.846474
0.836286
0.826464
0.83066
0.855969
0.859481
0.849446
0.849759
0.840053
0.832625
0.850887
0.85829
0.841225
0.839583
0.839756
0.850788
0.853906
0.847291
0.856268
0.831709
0.84713
0.831836
0.852046
0.842671
0.853012
0.828654
0.827965
0.843142
0.85108
0.845422
0.851806
0.86587
0.863753
0.842077
0.837373
0.81593
0.849966
0.854076
0.834967
0.847043
0.848841
0.851677
0.835604
0.842396
0.838177
0.833954
0.836748
0.84191
0.81394
0.828509
0.835334
0.85679
0.832633
0.830356
0.833971
0.852883
0.845393
0.829184
0.843533
0.83472
0.843053
0.8436
0.837614
0.850948
0.827091
0.846041
0.840194
0.851164
0.820232
0.817266
0.830447
0.808765
0.823814
0.84965
0.827148
0.86475
0.872833
0.848943
0.839058
0.835883
0.834068
0.833964
0.831373
0.840809
0.841992
0.846913
0.837316
0.836295
0.818795
0.832975
0.827234
0.833454
0.824351
0.833335
0.827838
0.846639
0.824752
0.830379
0.82508
0.830144
0.825033
0.827426
0.822189
0.836859
0.839211
0.833904
0.829271
0.814915
0.836408
0.837114
0.852562
0.829842
0.800442
0.842695
0.817897
0.826116
0.842998
0.838641
0.854357
0.847975
0.839004
0.842667
0.826279
0.809963
0.834914
0.823558
0.829538
0.836362
0.824262
0.834022
0.816404
0.829426
0.830272
0.813795
0.819781
0.83574
0.856021
0.813128
0.817936
0.816792
0.832947
0.848674
0.824415
0.828599
0.837684
0.83039
0.83356
0.835132
0.806957
0.836426
0.825516
0.849599
0.829748
0.799519
0.832742
0.827967
0.83101
0.823765
0.825421
0.84681
0.833502
0.832942
0.814214
0.826257
0.834363
0.820957
0.826273
0.828214
0.811673
0.828018
0.80998
0.822955
0.821692
0.790389
0.813234
0.824132
0.844926
0.814942
0.807376
0.821222
0.824541
0.803505
0.82831
0.823676
0.827746
0.840603
0.808962
0.804244
0.813768
0.815613
0.839709
0.815366
0.79602
0.831235
0.816326
0.825816
0.829054
0.848375
0.854048
0.828405
0.826549
0.802005
0.807512
0.808992
0.821653
0.824568
0.820963
0.817754
0.824041
0.810189
0.809995
0.813289
0.78665
0.802371
0.816278
0.828665
0.802168
0.795272
0.823356
0.83751
0.824079
0.800279
0.81258
0.827004
0.817924
0.809229
0.812961
0.811888
0.828296
0.811051
0.782477
0.816087
0.809954
0.816581
0.81335
0.840613
0.82904
0.810878
0.828378
0.810819
0.808962
0.811449
0.826123
0.81081
0.808092
0.814847
0.821104
0.805906
0.818961
0.793532
0.807132
0.832371
0.796397
0.800739
0.802404
0.81017
0.784433
0.814195
0.818315
0.809697
0.815932
0.809928
0.806665
0.813776
0.818576
0.805162
0.792935
0.816881
0.807641
0.81455
0.810807
0.837229
0.823626
0.816926
0.806264
0.806382
0.809528
0.803982
0.808752
0.817324
0.802047
0.807626
0.811
0.800464
0.799469
0.795685
0.806584
0.833454
0.800179
0.79245
0.806817
0.81244
0.807143
0.790101
0.801844
0.816161
0.798092
0.783704
0.812675
0.808062
0.814464
0.809674
0.783911
0.784707
0.799621
0.805282
0.8325
0.81707
0.80512
0.789357
0.812028
0.809088
0.798737
0.798527
0.805851
0.802279
0.799122
0.793526
0.802935
0.792245
0.807887
0.820512
0.775259
0.790187
0.789738
0.791236
0.795124
0.804888
0.797142
0.802909
0.795269
0.785742
0.785987
0.817949
0.811458
0.764576
0.769776
0.798241
0.809495
0.815463
0.818166
0.804649
0.785803
0.805117
0.794179
0.796681
0.810235
0.797087
0.792943
0.789242
0.775392
0.789839
0.785862
0.797633
0.786725
0.781789
0.795276
0.792641
0.781204
0.786786
0.783014
0.811327
0.78615
0.772
0.791365
0.800092
0.79073
0.773512
0.787151
0.771893
0.792544
0.799601
0.815611
0.792805
0.78247
0.797678
0.781804
0.792242
0.800972
0.78706
0.792936
0.790033
0.779101
0.767654
0.768814
0.795573
0.783498
0.775039
0.793319
0.797518
0.793824
0.782944
0.779152
0.788135
0.781106
0.792955
0.778692
0.797055
0.788031
0.787354
0.775767
0.793169
0.79069
0.805514
0.790761
0.794085
0.785995
0.77644
0.789881
0.795852
0.778428
0.789183
0.783072
0.781364
0.746647
0.787218
0.799334
0.778588
0.774663
0.770349
0.774556
0.784837
0.794811
0.794275
0.779892
0.764271
0.78464
0.782788
0.791693
0.748917
0.757519
0.774891
0.780974
0.792128
0.794736
0.803683
0.770886
0.777344
0.774848
0.783118
0.773543
0.914981
0.932104
0.933961
0.946998
0.918739
0.937211
0.92191
0.939166
0.944202
0.931773
0.921886
0.931453
0.917665
0.929219
0.943507
0.913367
0.927279
0.941722
0.952896
0.926337
0.923479
0.922426
0.936864
0.940774
0.941983
0.932318
0.944487
0.94362
0.943282
0.917742
0.934298
0.937205
0.947925
0.911615
0.917312
0.919131
0.924825
0.92651
0.941573
0.939234
0.895752
0.937893
0.936375
0.936427
0.904999
0.928651
0.944403
0.910607
0.923668
0.929058
0.936556
0.935669
0.938392
0.946016
0.937169
0.9512
0.932479
0.933816
0.944509
0.92445
0.930096
0.926661
0.920879
0.931243
0.925759
0.923563
0.923812
0.924481
0.945591
0.923165
0.925033
0.942425
0.938938
0.911274
0.919485
0.919449
0.910129
0.940705
0.927225
0.916672
0.939642
0.926899
0.948673
0.953456
0.944444
0.928692
0.930278
0.916813
0.937831
0.91457
0.91235
0.930795
0.951752
0.947603
0.938573
0.926548
0.921098
0.917019
0.930097
0.925035
0.945193
0.925872
0.922722
0.916476
0.934445
0.941425
0.930866
0.937426
0.931113
0.929757
0.9055
0.912748
0.932653
0.928835
0.924129
0.897516
0.929235
0.932111
0.93418
0.913773
0.931738
0.925324
0.909078
0.937433
0.887792
0.939054
0.934197
0.923478
0.918691
0.921716
0.924233
0.940071
0.92216
0.922033
0.930079
0.927279
0.918077
0.930404
0.903381
0.928044
0.914819
0.906355
0.902783
0.934748
0.920652
0.917101
0.89269
0.923738
0.924446
0.923329
0.933403
0.936032
0.898455
0.920188
0.925226
0.914442
0.935218
0.921532
0.949023
0.931392
0.917624
0.927876
0.925682
0.923952
0.93551
0.914967
0.911787
0.921607
0.919503
0.91139
0.921849
0.926962
0.918998
0.921261
0.925176
0.923347
0.931537
0.927149
0.942696
0.934478
0.921561
0.908448
0.931532
0.927993
0.933362
0.920907
0.942585
0.929252
0.919597
0.928419
0.907713
0.913423
0.922867
0.929986
0.930144
0.925141
0.917711
0.910185
0.923296
0.908453
0.941894
0.925757
0.928835
0.919184
0.922614
0.926686
0.939013
0.933479
0.928359
0.901686
0.913278
0.936033
0.911784
0.925764
0.899803
0.910307
0.929424
0.91301
0.928393
0.935459
0.900519
0.91692
0.922241
0.925455
0.885753
0.920867
0.919574
0.910979
0.929196
0.916499
0.904005
0.925407
0.907537
0.906878
0.928244
0.940594
0.910093
0.899297
0.900462
0.923802
0.93631
0.900521
0.880851
0.919029
0.903912
0.897881
0.913122
0.898792
0.916582
0.930364
0.925278
0.928844
0.931163
0.930362
0.911255
0.913561
0.916435
0.922159
0.931053
0.905555
0.906215
0.909647
0.902085
0.926648
0.916752
0.913042
0.897561
0.91896
0.903232
0.922723
0.901242
0.894153
0.89839
0.936532
0.926752
0.908238
0.947195
0.931115
0.934437
0.911512
0.916211
0.911055
0.898413
0.903271
0.927772
0.925933
0.923465
0.916206
0.903033
0.908722
0.927292
0.926035
0.923845
0.90707
0.915244
0.920336
0.915115
0.914794
0.913471
0.92988
0.921278
0.905635
0.897713
0.920517
0.924191
0.917508
0.9107
0.914872
0.889031
0.892096
0.907228
0.918077
0.894832
0.895479
0.898618
0.919788
0.916609
0.884585
0.922339
0.892559
0.901399
0.899919
0.910969
0.902045
0.891182
0.923267
0.915755
0.917502
0.883928
0.899763
0.903384
0.895756
0.92594
0.900181
0.925105
0.9342
0.908544
0.914463
0.910964
0.903721
0.901512
0.907152
0.914952
0.934882
0.902435
0.899209
0.904767
0.870647
0.895788
0.911732
0.890004
0.912601
0.887575
0.906344
0.901882
0.8951
0.889541
0.897056
0.919976
0.927747
0.929512
0.923383
0.895682
0.910323
0.901134
0.894399
0.883018
0.916026
0.919636
0.921572
0.90393
0.899476
0.892317
0.921506
0.924405
0.895777
0.916811
0.903719
0.918108
0.904358
0.899363
0.912749
0.90061
0.913238
0.885537
0.901874
0.896263
0.869731
0.89435
0.886949
0.905773
0.893597
0.907738
0.895196
0.906877
0.892111
0.892598
0.89841
0.915266
0.898805
0.887367
0.897011
0.909048
0.904778
0.884836
0.928805
0.920434
0.900277
0.889665
0.903241
0.892865
0.90369
0.887483
0.91311
0.921767
0.9012
0.906645
0.918867
0.893069
0.904136
0.917519
0.898634
0.888766
0.892861
0.909289
0.855217
0.890616
0.896041
0.876934
0.902466
0.90209
0.912051
0.905228
0.906201
0.918158
0.908598
0.908589
0.915328
0.922764
0.893053
0.903132
0.870284
0.876358
0.898622
0.899739
0.909532
0.899062
0.894205
0.886838
0.913998
0.909865
0.893646
0.900867
0.890373
0.895566
0.886328
0.908304
0.91169
0.891463
0.897791
0.907619
0.893133
0.887814
0.895889
0.897781
0.897311
0.904825
0.883978
0.89844
0.892117
0.893252
0.86695
0.911952
0.886735
0.893088
0.888904
0.890461
0.879467
0.897139
0.910069
0.889854
0.875214
0.88973
0.891788
0.91424
0.899007
0.904407
0.912111
0.893544
0.909816
0.88768
0.888887
0.906908
0.893359
0.8759
0.88453
0.896369
0.868207
0.901721
0.875343
0.878568
0.892158
0.888231
0.897139
0.900075
0.907429
0.896917
0.904144
0.913432
0.899728
0.883761
0.895135
0.889774
0.873703
0.898555
0.897326
0.892649
0.881095
0.883687
0.914009
0.901579
0.889721
0.892287
0.889509
0.8939
0.881784
0.906268
0.895587
0.870581
0.88164
0.877223
0.864024
0.886646
0.875222
0.873062
0.89444
0.858808
0.887141
0.892761
0.895146
0.873804
0.883564
0.869723
0.884688
0.896802
0.887453
0.880747
0.894909
0.90157
0.881633
0.89147
0.888907
0.906305
0.896512
0.889275
0.891319
0.890568
0.905561
0.877354
0.872819
0.900189
0.898215
0.885906
0.884704
0.85626
0.888393
0.872756
0.878468
0.875672
0.896617
0.89487
0.879657
0.888018
0.894876
0.912494
0.902356
0.879878
0.888116
0.875049
0.863106
0.890579
0.893459
0.89303
0.871578
0.866545
0.885093
0.90756
0.890997
0.87353
0.880448
0.880423
0.907934
0.888593
0.870192
0.880358
0.886375
0.875778
0.862786
0.867909
0.881774
0.863897
0.883402
0.878598
0.877386
0.861487
0.879344
0.862117
0.862202
0.877637
0.868592
0.884655
0.881846
0.845939
0.8743
0.870423
0.891412
0.870072
0.892544
0.893391
0.878266
0.896272
0.883328
0.875266
0.878607
0.870633
0.880189
0.868021
0.867875
0.874789
0.858809
0.880662
0.876227
0.885081
0.868747
0.879949
0.888875
0.887152
0.876653
0.853028
0.872535
0.875168
0.871822
0.862247
0.890651
0.874067
0.860467
0.886677
0.893479
0.879916
0.86985
0.876542
0.87481
0.900517
0.888615
0.866778
0.872357
0.862576
0.867696
0.866644
0.872736
0.893212
0.871446
0.872569
0.85566
0.860981
0.880295
0.858591
0.862104
0.866126
0.864875
0.89269
0.863486
0.858977
0.868714
0.88191
0.874274
0.885622
0.879179
0.862961
0.883688
0.870813
0.865957
0.87261
0.866669
0.862151
0.855328
0.868205
0.860147
0.863874
0.868147
0.874295
0.866438
0.872339
0.893007
0.90684
0.882796
0.851977
0.86881
0.867945
0.866035
0.85948
0.878768
0.860175
0.869213
0.869261
0.871639
0.875406
0.872548
0.869655
0.868394
0.881417
0.872218
0.861651
0.876884
0.854821
0.856274
0.864145
0.848396
0.879367
0.868609
0.862503
0.847208
0.853522
0.856817
0.863795
0.848263
0.87735
0.881246
0.860724
0.860421
0.863495
0.864975
0.871396
0.861619
0.863127
0.867911
0.849403
0.886122
0.873223
0.862027
0.848794
0.86734
0.854742
0.859913
0.863217
0.859671
0.861047
0.874355
0.875229
0.884618
0.860831
0.858212
0.854483
0.84974
0.857189
0.85826
0.844711
0.856142
0.863296
0.862852
0.857572
0.868598
0.863608
0.843669
0.844244
0.856263
0.85023
0.865
0.835642
0.858071
0.874097
0.870626
0.856735
0.863044
0.860208
0.850826
0.865611
0.860063
0.8434
0.871969
0.873351
0.846457
0.860227
0.877115
0.87465
0.86684
0.844793
0.867456
0.858799
0.872123
0.885639
0.852964
0.865477
0.839379
0.864705
0.860336
0.848001
0.854683
0.850315
0.868551
0.876625
0.8658
0.857627
0.858853
0.842951
0.856459
0.854664
0.852714
0.853647
0.870521
0.876073
0.868103
0.867423
0.850231
0.847513
0.833545
0.849676
0.843277
0.836697
0.858689
0.862698
0.839077
0.859976
0.841029
0.83803
0.854002
0.855814
0.854177
0.859761
0.867671
0.857857
0.846173
0.856269
0.872168
0.858978
0.858604
0.847445
0.846499
0.848948
0.868551
0.857301
0.863986
0.823307
0.854429
0.828238
0.838406
0.858022
0.847301
0.868492
0.868905
0.862875
0.848326
0.842766
0.823717
0.861906
0.860884
0.847423
0.840065
0.858077
0.856934
0.837168
0.853833
0.845455
0.849187
0.836075
0.846474
0.836286
0.826464
0.83066
0.855969
0.859481
0.849446
0.849759
0.840053
0.832625
0.850887
0.85829
0.841225
0.839583
0.839756
0.850788
0.853906
0.847291
0.856268
0.831709
0.84713
0.831836
0.852046
0.842671
0.853012
0.828654
0.827965
0.843142
0.85108
0.845422
0.851806
0.86587
0.863753
0.842077
0.837373
0.81593
0.849966
0.854076
0.834967
0.847043
0.848841
0.851677
0.835604
0.842396
0.838177
0.833954
0.836748
0.84191
0.81394
0.828509
0.835334
0.85679
0.832633
0.830356
0.833971
0.852883
0.845393
0.829184
0.843533
0.83472
0.843053
0.8436
0.837614
0.850948
0.827091
0.846041
0.840194
0.851164
0.820232
0.817266
0.830447
0.808765
0.823814
0.84965
0.827148
0.86475
0.872833
0.848943
0.839058
0.835883
0.834068
0.833964
0.831373
0.840809
0.841992
0.846913
0.837316
0.836295
0.818795
0.832975
0.827234
0.833454
0.824351
0.833335
0.827838
0.846639
0.824752
0.830379
0.82508
0.830144
0.825033
0.827426
0.822189
0.836859
0.839211
0.833904
0.829271
0.814915
0.836408
0.837114
0.852562
0.829842
0.800442
0.842695
0.817897
0.826116
0.842998
0.838641
0.854357
0.847975
0.839004
0.842667
0.826279
0.809963
0.834914
0.823558
0.829538
0.836362
0.824262
0.834022
0.816404
0.829426
0.830272
0.813795
0.819781
0.83574
0.856021
0.813128
0.817936
0.816792
0.832947
0.848674
0.824415
0.828599
0.837684
0.83039
0.83356
0.835132
0.806957
0.836426
0.825516
0.849599
0.829748
0.799519
0.832742
0.827967
0.83101
0.823765
0.825421
0.84681
0.833502
0.832942
0.814214
0.826257
0.834363
0.820957
0.826273
0.828214
0.811673
0.828018
0.80998
0.822955
0.821692
0.790389
0.813234
0.824132
0.844926
0.814942
0.807376
0.821222
0.824541
0.803505
0.82831
0.823676
0.827746
0.840603
0.808962
0.804244
0.813768
0.815613
0.839709
0.815366
0.79602
0.831235
0.816326
0.825816
0.829054
0.848375
0.854048
0.828405
0.826549
0.802005
0.807512
0.808992
0.821653
0.824568
0.820963
0.817754
0.824041
0.810189
0.809995
0.813289
0.78665
0.802371
0.816278
0.828665
0.802168
0.795272
0.823356
0.83751
0.824079
0.800279
0.81258
0.827004
0.817924
0.809229
0.812961
0.811888
0.828296
0.811051
0.782477
0.816087
0.809954
0.816581
0.81335
0.840613
0.82904
0.810878
0.828378
0.810819
0.808962
0.811449
0.826123
0.81081
0.808092
0.814847
0.821104
0.805906
0.818961
0.793532
0.807132
0.832371
0.796397
0.800739
0.802404
0.81017
0.784433
0.814195
0.818315
0.809697
0.815932
0.809928
0.806665
0.813776
0.818576
0.805162
0.792935
0.816881
0.807641
0.81455
0.810807
0.837229
0.823626
0.816926
0.806264
0.806382
0.809528
0.803982
0.808752
0.817324
0.802047
0.807626
0.811
0.800464
0.799469
0.795685
0.806584
0.833454
0.800179
0.79245
0.806817
0.81244
0.807143
0.790101
0.801844
0.816161
0.798092
0.783704
0.812675
0.808062
0.814464
0.809674
0.783911
0.784707
0.799621
0.805282
0.8325
0.81707
0.80512
0.789357
0.812028
0.809088
0.798737
0.798527
0.805851
0.802279
0.799122
0.793526
0.802935
0.792245
0.807887
0.820512
0.775259
0.790187
0.789738
0.791236
0.795124
0.804888
0.797142
0.802909
0.795269
0.785742
0.785987
0.817949
0.811458
0.764576
0.769776
0.798241
0.809495
0.815463
0.818166
0.804649
0.785803
0.805117
0.794179
0.796681
0.810235
0.797087
0.792943
0.789242
0.775392
0.789839
0.785862
0.797633
0.786725
0.781789
0.795276
0.792641
0.781204
0.786786
0.783014
0.811327
0.78615
0.772
0.791365
0.800092
0.79073
0.773512
0.787151
0.771893
0.792544
0.799601
0.815611
0.792805
0.78247
0.797678
0.781804
0.792242
0.800972
0.78706
0.792936
0.790033
0.779101
0.767654
0.768814
0.795573
0.783498
0.775039
0.793319
0.797518
0.793824
0.782944
0.779152
0.788135
0.781106
0.792955
0.778692
0.797055
0.788031
0.787354
0.775767
0.793169
0.79069
0.805514
0.790761
0.794085
0.785995
0.77644
0.789881
0.795852
0.778428
0.789183
0.783072
0.781364
0.746647
0.787218
0.799334
0.778588
0.774663
0.770349
0.774556
0.784837
0.794811
0.794275
0.779892
0.764271
0.78464
0.782788
0.791693
0.748917
0.757519
0.774891
0.780974
0.792128
0.794736
0.803683
0.770886
0.777344
0.774848
0.783118
0.773543
0.914981
0.932104
0.933961
0.946998
0.918739
0.937211
0.92191
0.939166
0.944202
0.931773
0.921886
0.931453
0.917665
0.929219
0.943507
0.913367
0.927279
0.941722
0.952896
0.926337
0.923479
0.922426
0.936864
0.940774
0.941983
0.932318
0.944487
0.94362
0.943282
0.917742
0.934298
0.937205
0.947925
0.911615
0.917312
0.919131
0.924825
0.92651
0.941573
0.939234
0.895752
0.937893
0.936375
0.936427
0.904999
0.928651
0.944403
0.910607
0.923668
0.929058
0.936556
0.935669
0.938392
0.946016
0.937169
0.9512
0.932479
0.933816
0.944509
0.92445
0.930096
0.926661
0.920879
0.931243
0.925759
0.923563
0.923812
0.924481
0.945591
0.923165
0.925033
0.942425
0.938938
0.911274
0.919485
0.919449
0.910129
0.940705
0.927225
0.916672
0.939642
0.926899
0.948673
0.953456
0.944444
0.928692
0.930278
0.916813
0.937831
0.91457
0.91235
0.930795
0.951752
0.947603
0.938573
0.926548
0.921098
0.917019
0.930097
0.925035
0.945193
0.925872
0.922722
0.916476
0.934445
0.941425
0.930866
0.937426
0.931113
0.929757
0.9055
0.912748
0.932653
0.928835
0.924129
0.897516
0.929235
0.932111
0.93418
0.913773
0.931738
0.925324
0.909078
0.937433
0.887792
0.939054
0.934197
0.923478
0.918691
0.921716
0.924233
0.940071
0.92216
0.922033
0.930079
0.927279
0.918077
0.930404
0.903381
0.928044
0.914819
0.906355
0.902783
0.934748
0.920652
0.917101
0.89269
0.923738
0.924446
0.923329
0.933403
0.936032
0.898455
0.920188
0.925226
0.914442
0.935218
0.921532
0.949023
0.931392
0.917624
0.927876
0.925682
0.923952
0.93551
0.914967
0.911787
0.921607
0.919503
0.91139
0.921849
0.926962
0.918998
0.921261
0.925176
0.923347
0.931537
0.927149
0.942696
0.934478
0.921561
0.908448
0.931532
0.927993
0.933362
0.920907
0.942585
0.929252
0.919597
0.928419
0.907713
0.913423
0.922867
0.929986
0.930144
0.925141
0.917711
0.910185
0.923296
0.908453
0.941894
0.925757
0.928835
0.919184
0.922614
0.926686
0.939013
0.933479
0.928359
0.901686
0.913278
0.936033
0.911784
0.925764
0.899803
0.910307
0.929424
0.91301
0.928393
0.935459
0.900519
0.91692
0.922241
0.925455
0.885753
0.920867
0.919574
0.910979
0.929196
0.916499
0.904005
0.925407
0.907537
0.906878
0.928244
0.940594
0.910093
0.899297
0.900462
0.923802
0.93631
0.900521
0.880851
0.919029
0.903912
0.897881
0.913122
0.898792
0.916582
0.930364
0.925278
0.928844
0.931163
0.930362
0.911255
0.913561
0.916435
0.922159
0.931053
0.905555
0.906215
0.909647
0.902085
0.926648
0.916752
0.913042
0.897561
0.91896
0.903232
0.922723
0.901242
0.894153
0.89839
0.936532
0.926752
0.908238
0.947195
0.931115
0.934437
0.911512
0.916211
0.911055
0.898413
0.903271
0.927772
0.925933
0.923465
0.916206
0.903033
0.908722
0.927292
0.926035
0.923845
0.90707
0.915244
0.920336
0.915115
0.914794
0.913471
0.92988
0.921278
0.905635
0.897713
0.920517
0.924191
0.917508
0.9107
0.914872
0.889031
0.892096
0.907228
0.918077
0.894832
0.895479
0.898618
0.919788
0.916609
0.884585
0.922339
0.892559
0.901399
0.899919
0.910969
0.902045
0.891182
0.923267
0.915755
0.917502
0.883928
0.899763
0.903384
0.895756
0.92594
0.900181
0.925105
0.9342
0.908544
0.914463
0.910964
0.903721
0.901512
0.907152
0.914952
0.934882
0.902435
0.899209
0.904767
0.870647
0.895788
0.911732
0.890004
0.912601
0.887575
0.906344
0.901882
0.8951
0.889541
0.897056
0.919976
0.927747
0.929512
0.923383
0.895682
0.910323
0.901134
0.894399
0.883018
0.916026
0.919636
0.921572
0.90393
0.899476
0.892317
0.921506
0.924405
0.895777
0.916811
0.903719
0.918108
0.904358
0.899363
0.912749
0.90061
0.913238
0.885537
0.901874
0.896263
0.869731
0.89435
0.886949
0.905773
0.893597
0.907738
0.895196
0.906877
0.892111
0.892598
0.89841
0.915266
0.898805
0.887367
0.897011
0.909048
0.904778
0.884836
0.928805
0.920434
0.900277
0.889665
0.903241
0.892865
0.90369
0.887483
0.91311
0.921767
0.9012
0.906645
0.918867
0.893069
0.904136
0.917519
0.898634
0.888766
0.892861
0.909289
0.855217
0.890616
0.896041
0.876934
0.902466
0.90209
0.912051
0.905228
0.906201
0.918158
0.908598
0.908589
0.915328
0.922764
0.893053
0.903132
0.870284
0.876358
0.898622
0.899739
0.909532
0.899062
0.894205
0.886838
0.913998
0.909865
0.893646
0.900867
0.890373
0.895566
0.886328
0.908304
0.91169
0.891463
0.897791
0.907619
0.893133
0.887814
0.895889
0.897781
0.897311
0.904825
0.883978
0.89844
0.892117
0.893252
0.86695
0.911952
0.886735
0.893088
0.888904
0.890461
0.879467
0.897139
0.910069
0.889854
0.875214
0.88973
0.891788
0.91424
0.899007
0.904407
0.912111
0.893544
0.909816
0.88768
0.888887
0.906908
0.893359
0.8759
0.88453
0.896369
0.868207
0.901721
0.875343
0.878568
0.892158
0.888231
0.897139
0.900075
0.907429
0.896917
0.904144
0.913432
0.899728
0.883761
0.895135
0.889774
0.873703
0.898555
0.897326
0.892649
0.881095
0.883687
0.914009
0.901579
0.889721
0.892287
0.889509
0.8939
0.881784
0.906268
0.895587
0.870581
0.88164
0.877223
0.864024
0.886646
0.875222
0.873062
0.89444
0.858808
0.887141
0.892761
0.895146
0.873804
0.883564
0.869723
0.884688
0.896802
0.887453
0.880747
0.894909
0.90157
0.881633
0.89147
0.888907
0.906305
0.896512
0.889275
0.891319
0.890568
0.905561
0.877354
0.872819
0.900189
0.898215
0.885906
0.884704
0.85626
0.888393
0.872756
0.878468
0.875672
0.896617
0.89487
0.879657
0.888018
0.894876
0.912494
0.902356
0.879878
0.888116
0.875049
0.863106
0.890579
0.893459
0.89303
0.871578
0.866545
0.885093
0.90756
0.890997
0.87353
0.880448
0.880423
0.907934
0.888593
0.870192
0.880358
0.886375
0.875778
0.862786
0.867909
0.881774
0.863897
0.883402
0.878598
0.877386
0.861487
0.879344
0.862117
0.862202
0.877637
0.868592
0.884655
0.881846
0.845939
0.8743
0.870423
0.891412
0.870072
0.892544
0.893391
0.878266
0.896272
0.883328
0.875266
0.878607
0.870633
0.880189
0.868021
0.867875
0.874789
0.858809
0.880662
0.876227
0.885081
0.868747
0.879949
0.888875
0.887152
0.876653
0.853028
0.872535
0.875168
0.871822
0.862247
0.890651
0.874067
0.860467
0.886677
0.893479
0.879916
0.86985
0.876542
0.87481
0.900517
0.888615
0.866778
0.872357
0.862576
0.867696
0.866644
0.872736
0.893212
0.871446
0.872569
0.85566
0.860981
0.880295
0.858591
0.862104
0.866126
0.864875
0.89269
0.863486
0.858977
0.868714
0.88191
0.874274
0.885622
0.879179
0.862961
0.883688
0.870813
0.865957
0.87261
0.866669
0.862151
0.855328
0.868205
0.860147
0.863874
0.868147
0.874295
0.866438
0.872339
0.893007
0.90684
0.882796
0.851977
0.86881
0.867945
0.866035
0.85948
0.878768
0.860175
0.869213
0.869261
0.871639
0.875406
0.872548
0.869655
0.868394
0.881417
0.872218
0.861651
0.876884
0.854821
0.856274
0.864145
0.848396
0.879367
0.868609
0.862503
0.847208
0.853522
0.856817
0.863795
0.848263
0.87735
0.881246
0.860724
0.860421
0.863495
0.864975
0.871396
0.861619
0.863127
0.867911
0.849403
0.886122
0.873223
0.862027
0.848794
0.86734
0.854742
0.859913
0.863217
0.859671
0.861047
0.874355
0.875229
0.884618
0.860831
0.858212
0.854483
0.84974
0.857189
0.85826
0.844711
0.856142
0.863296
0.862852
0.857572
0.868598
0.863608
0.843669
0.844244
0.856263
0.85023
0.865
0.835642
0.858071
0.874097
0.870626
0.856735
0.863044
0.860208
0.850826
0.865611
0.860063
0.8434
0.871969
0.873351
0.846457
0.860227
0.877115
0.87465
0.86684
0.844793
0.867456
0.858799
0.872123
0.885639
0.852964
0.865477
0.839379
0.864705
0.860336
0.848001
0.854683
0.850315
0.868551
0.876625
0.8658
0.857627
0.858853
0.842951
0.856459
0.854664
0.852714
0.853647
0.870521
0.876073
0.868103
0.867423
0.850231
0.847513
0.833545
0.849676
0.843277
0.836697
0.858689
0.862698
0.839077
0.859976
0.841029
0.83803
0.854002
0.855814
0.854177
0.859761
0.867671
0.857857
0.846173
0.856269
0.872168
0.858978
0.858604
0.847445
0.846499
0.848948
0.868551
0.857301
0.863986
0.823307
0.854429
0.828238
0.838406
0.858022
0.847301
0.868492
0.868905
0.862875
0.848326
0.842766
0.823717
0.861906
0.860884
0.847423
0.840065
0.858077
0.856934
0.837168
0.853833
0.845455
0.849187
0.836075
0.846474
0.836286
0.826464
0.83066
0.855969
0.859481
0.849446
0.849759
0.840053
0.832625
0.850887
0.85829
0.841225
0.839583
0.839756
0.850788
0.853906
0.847291
0.856268
0.831709
0.84713
0.831836
0.852046
0.842671
0.853012
0.828654
0.827965
0.843142
0.85108
0.845422
0.851806
0.86587
0.863753
0.842077
0.837373
0.81593
0.849966
0.854076
0.834967
0.847043
0.848841
0.851677
0.835604
0.842396
0.838177
0.833954
0.836748
0.84191
0.81394
0.828509
0.835334
0.85679
0.832633
0.830356
0.833971
0.852883
0.845393
0.829184
0.843533
0.83472
0.843053
0.8436
0.837614
0.850948
0.827091
0.846041
0.840194
0.851164
0.820232
0.817266
0.830447
0.808765
0.823814
0.84965
0.827148
0.86475
0.872833
0.848943
0.839058
0.835883
0.834068
0.833964
0.831373
0.840809
0.841992
0.846913
0.837316
0.836295
0.818795
0.832975
0.827234
0.833454
0.824351
0.833335
0.827838
0.846639
0.824752
0.830379
0.82508
0.830144
0.825033
0.827426
0.822189
0.836859
0.839211
0.833904
0.829271
0.814915
0.836408
0.837114
0.852562
0.829842
0.800442
0.842695
0.817897
0.826116
0.842998
0.838641
0.854357
0.847975
0.839004
0.842667
0.826279
0.809963
0.834914
0.823558
0.829538
0.836362
0.824262
0.834022
0.816404
0.829426
0.830272
0.813795
0.819781
0.83574
0.856021
0.813128
0.817936
0.816792
0.832947
0.848674
0.824415
0.828599
0.837684
0.83039
0.83356
0.835132
0.806957
0.836426
0.825516
0.849599
0.829748
0.799519
0.832742
0.827967
0.83101
0.823765
0.825421
0.84681
0.833502
0.832942
0.814214
0.826257
0.834363
0.820957
0.826273
0.828214
0.811673
0.828018
0.80998
0.822955
0.821692
0.790389
0.813234
0.824132
0.844926
0.814942
0.807376
0.821222
0.824541
0.803505
0.82831
0.823676
0.827746
0.840603
0.808962
0.804244
0.813768
0.815613
0.839709
0.815366
0.79602
0.831235
0.816326
0.825816
0.829054
0.848375
0.854048
0.828405
0.826549
0.802005
0.807512
0.808992
0.821653
0.824568
0.820963
0.817754
0.824041
0.810189
0.809995
0.813289
0.78665
0.802371
0.816278
0.828665
0.802168
0.795272
0.823356
0.83751
0.824079
0.800279
0.81258
0.827004
0.817924
0.809229
0.812961
0.811888
0.828296
0.811051
0.782477
0.816087
0.809954
0.816581
0.81335
0.840613
0.82904
0.810878
0.828378
0.810819
0.808962
0.811449
0.826123
0.81081
0.808092
0.814847
0.821104
0.805906
0.818961
0.793532
0.807132
0.832371
0.796397
0.800739
0.802404
0.81017
0.784433
0.814195
0.818315
0.809697
0.815932
0.809928
0.806665
0.813776
0.818576
0.805162
0.792935
0.816881
0.807641
0.81455
0.810807
0.837229
0.823626
0.816926
0.806264
0.806382
0.809528
0.803982
0.808752
0.817324
0.802047
0.807626
0.811
0.800464
0.799469
0.795685
0.806584
0.833454
0.800179
0.79245
0.806817
0.81244
0.807143
0.790101
0.801844
0.816161
0.798092
0.783704
0.812675
0.808062
0.814464
0.809674
0.783911
0.784707
0.799621
0.805282
0.8325
0.81707
0.80512
0.789357
0.812028
0.809088
0.798737
0.798527
0.805851
0.802279
0.799122
0.793526
0.802935
0.792245
0.807887
0.820512
0.775259
0.790187
0.789738
0.791236
0.795124
0.804888
0.797142
0.802909
0.795269
0.785742
0.785987
0.817949
0.811458
0.764576
0.769776
0.798241
0.809495
0.815463
0.818166
0.804649
0.785803
0.805117
0.794179
0.796681
0.810235
0.797087
0.792943
0.789242
0.775392
0.789839
0.785862
0.797633
0.786725
0.781789
0.795276
0.792641
0.781204
0.786786
0.783014
0.811327
0.78615
0.772
0.791365
0.800092
0.79073
0.773512
0.787151
0.771893
0.792544
0.799601
0.815611
0.792805
0.78247
0.797678
0.781804
0.792242
0.800972
0.78706
